# import the necessary packages
from sklearn.svm import LinearSVC
from sklearn.preprocessing import LabelEncoder
from imutils import paths
from sklearn.datasets import make_classification
import argparse
import cv2
import csv
import numpy as np

class PredictClass:
	# def __init__(self, numPoints, radius):
	# 	# store the number of points and radius
	# 	self.numPoints = numPoints
	# 	self.radius = radius

	def predict(*testingArray):
		# with open('dataset_face.csv','r') as csvfile:
		# 	data = list(csv.reader(csvfile))
		with open('gender.csv','r') as csvfile:
			label = [list(map(float, row)) for row in csv.reader(csvfile)]
		# print(label)
		datas = [[0.021636221875666023,0.01754288260189137,0.009927043885038529,0.007963911784350686,0.007880374248151202,0.008311984851848529,0.007031075963456462,0.009189128981943098,0.01198763644462577,0.016122744486500164,0.023543662285554212,0.038496881265261615,0.05056805524608687,0.04409389619062696,0.029669748273516275,0.023641122744453607,0.014465916685210422,0.01357484963241594,0.008311984851848529,0.010581421251934477,0.008854978837145167,0.01077634216973327,0.012377478280223356,0.019659166852278264,0.02316774337265654,0.5506237469361903],[0.02170811140517628,0.017427485322770723,0.00825627117166263,0.007831476216920093,0.008103780675088386,0.006992778485761753,0.006720474027593459,0.007820584038593361,0.010521844263622824,0.01619666917185004,0.0249104118332354,0.04760971146614427,0.06403511638285567,0.049755470596510414,0.027862192159779694,0.019616813166443793,0.0102386476271278,0.01139321852976136,0.008343408598276484,0.009312812469355605,0.00787504493022702,0.01043470683700897,0.012656711215662237,0.023516213007413744,0.03560653095008593,0.5252535154499829],[0.0206680222177883,0.017618032136459013,0.008009323546905363,0.006769490180511345,0.006124776829986455,0.00709184685577379,0.007922535211257783,0.009782285260848811,0.012671097004546876,0.017072505455245645,0.027933445744857253,0.044051279507979504,0.0529036897440328,0.04351815116043008,0.026842392382430517,0.021424320571288652,0.012646300337218997,0.01232394366195655,0.008096111882552945,0.008480460226135092,0.007476195199355936,0.009695496925201231,0.01158004364212014,0.023420452291183023,0.026135687363585926,0.5497421146591082],[0.020317119053995896,0.016199946250990378,0.008234345606011035,0.008696586938985545,0.00812684762159836,0.00710561676967793,0.0073528621338270865,0.008255845202893571,0.011126041386712039,0.016457941413580802,0.02574576726683607,0.04365493146998801,0.0603171190539529,0.04866433754361874,0.026680999731226358,0.021284600913709987,0.011513034130597675,0.010513302875559781,0.009019080892223575,0.011201289975800912,0.0107067992475026,0.013125503896787825,0.01481322225206685,0.021607094866948017,0.026638000537461286,0.5326417629663718],[0.018181445916303555,0.01734198726476251,0.0102168260272922,0.01062631805243417,0.009807334002150227,0.01181384492534589,0.014659814500082595,0.014107000266140932,0.014270797076197722,0.018939006162816203,0.02729264347571243,0.04854527958058077,0.07843819741594472,0.054052947318740295,0.03122376691707536,0.023566266046920484,0.013451813025913778,0.011199606887632932,0.006879466022385128,0.00743228025632679,0.008128416699068143,0.01007350381849251,0.012428082963058848,0.01996273622567113,0.01664585082202116,0.49071476832888206],[0.020302457466880336,0.020453686200339407,0.011153119092606516,0.008922495274085212,0.007523629489588802,0.007826086956506944,0.007448015122859267,0.01026465028353447,0.014706994328894694,0.019999999999962194,0.028052930056657745,0.04682419659726498,0.061947069943172124,0.045538752362862873,0.02567107750467737,0.018960302457431077,0.009943289224933944,0.008166351606789855,0.0067296786389286775,0.007731568998095025,0.006767485822293445,0.00833648393193131,0.013345935727763051,0.023062381852508387,0.02075614366725755,0.5395652173902844],[0.018200829983968672,0.016523434521651992,0.008027535426801263,0.006981886307435021,0.007275975122256776,0.008637497413098239,0.01030400069708819,0.011807121306177164,0.016153100458543113,0.02348353647243355,0.03759979958387783,0.06196560250077665,0.08271520221320054,0.05656308205071772,0.03302508468665052,0.020825844960711014,0.011316973281474237,0.009236567221068482,0.006241218181217265,0.007450249975484484,0.006796719275880582,0.008637497413098239,0.012253700617573164,0.02114171813218623,0.020019823764532867,0.47681599843100697],[0.019004266570490046,0.017877531398326606,0.008097470103947934,0.008863650021019074,0.009795084430007518,0.012619433928230546,0.012664503335117084,0.016315125292926634,0.018403341145336212,0.02349618412351497,0.03240490355142058,0.05318190012611444,0.07269695330798526,0.044889129258991516,0.0233759990384842,0.01523345952764973,0.009810107565636364,0.008052400697061396,0.005904092302136434,0.006895619253640263,0.005648698996446054,0.006820503575496033,0.010110570278213283,0.023541253530401506,0.025298960398976476,0.5089988582409275],[0.014993752603064703,0.013026979499267635,0.008156323753981957,0.005622657226149263,0.0062358276643918785,0.009394233884018935,0.010585866999848922,0.012934425470853656,0.016995233467517013,0.025452357813844403,0.03918506177976863,0.0659447452449605,0.09225322782163421,0.06145587486688248,0.03241704845199637,0.02136841131007755,0.011256883705850275,0.009301679855604953,0.00645564348187508,0.007010967652358958,0.005402841408666061,0.007265491230497402,0.010701559535366396,0.018418251654381948,0.01899671433196932,0.46916793928401457],[0.02416184856051492,0.02170386808504244,0.008458637263771697,0.007851605648371611,0.007553065509650257,0.00849844261560121,0.007115206639525604,0.008000875717732288,0.011195255202050777,0.01493695827402508,0.02105703111781284,0.029008150145758235,0.03824299177020545,0.03420274855950979,0.02390311377362308,0.02006189732207499,0.012001313576598432,0.0116928220999197,0.008418831911942183,0.008986058175512757,0.007513260157820743,0.010568320910735934,0.013454208918375688,0.029276836270607454,0.03297873399075224,0.5791579177814694],[0.017576092611834064,0.01643795525491604,0.012113033298627547,0.010161940686768078,0.01012942247657042,0.009544094693012577,0.01102367325700601,0.013234911550446744,0.017007023933375054,0.021201873048872916,0.03151014568153045,0.05560613943799492,0.09363618626415576,0.06619081685733255,0.03380267950046533,0.019836108220571285,0.012779656607679534,0.010763527575424746,0.0066337148803222,0.007755593132141397,0.007934443288228515,0.01208051508842989,0.014925858480724951,0.020957986472390482,0.016779396461991447,0.4503772112375612],[0.018880018646904494,0.017335819590907676,0.008114329001794601,0.006453586620816891,0.0063807470427038335,0.008041489423681544,0.010707417982619446,0.012324456616729321,0.015121496416270728,0.018428413262603537,0.029266942485826487,0.05237165666328831,0.06466697744877241,0.04459238972081377,0.02177903385580418,0.01309655614472773,0.00791037818307804,0.0060456849833837685,0.003918769302482491,0.0052298817085175255,0.005812598333421985,0.007473340714399695,0.010518035079525496,0.02158965095271023,0.025144222364627433,0.5587961074521316],[0.03127367,0.02594391,0.01208412,0.00716558,0.00513546,0.00460116,0.00441239,0.00508965,0.00635972,0.00878063,0.01265541,0.01828763,0.02267077,0.01963884,0.01395804,0.01008547,0.00667213,0.00549921,0.0044858,0.00476896,0.00486942,0.00661638,0.01144605,0.02982973,0.03502149,0.68264838],[0.02846847,0.02494324,0.01163341,0.0069331,0.00516385,0.00492644,0.00511809,0.00599211,0.00759756,0.01052664,0.01511753,0.0241793,0.03087632,0.02387426,0.01513146,0.01073619,0.0071526,0.00611877,0.00483228,0.00507101,0.00522884,0.00729583,0.01258833,0.02912034,0.03333059,0.65804345],[0.02772554,0.02467793,0.010209,0.00637288,0.00462983,0.00427318,0.00418378,0.00499783,0.00640173,0.0089716,0.01376698,0.02221307,0.03102573,0.02411362,0.01481991,0.0104403,0.00676548,0.00560281,0.00431717,0.00453334,0.00466531,0.00661932,0.01150978,0.03131664,0.03854755,0.66729971],[0.02728558,0.0228281,0.01257324,0.00793362,0.00587463,0.0053997,0.00552464,0.00643063,0.00808334,0.011343,0.01673412,0.02746582,0.03593063,0.02965641,0.0188055,0.01332092,0.00852299,0.006917,0.00568771,0.0060463,0.00601482,0.0077467,0.01219273,0.02681255,0.03074265,0.63412666],[0.02507622,0.02222391,0.01034874,0.00672395,0.00537032,0.00496402,0.00528391,0.00632691,0.00846846,0.01208193,0.01868348,0.03169217,0.0417169,0.03406,0.02084662,0.01405992,0.00904756,0.00720225,0.0057437,0.00601936,0.00602656,0.00757152,0.01102144,0.02520685,0.02923279,0.62500051],[0.02084277,0.01899296,0.00836037,0.00510968,0.00400877,0.00426589,0.00505765,0.0067738,0.00984389,0.01466177,0.02229058,0.03464544,0.04373125,0.03582288,0.02289868,0.01535966,0.01003877,0.00766248,0.00552087,0.00504642,0.00459953,0.00596674,0.00951944,0.02292929,0.0264473,0.6296031,],[0.0206794,0.0178176,0.00810423,0.00560501,0.0048183,0.00501821,0.00603751,0.00760028,0.01043395,0.01572428,0.02499983,0.04289344,0.05767063,0.045173,0.02721477,0.0182083,0.01205905,0.00909541,0.00675733,0.0060892,0.00556016,0.00637879,0.00965332,0.02116206,0.02467146,0.58057447],[0.02831957,0.0239909,0.01098518,0.00674798,0.00509383,0.00466035,0.0046261,0.00542691,0.00691312,0.0099559,0.01507365,0.02436339,0.03288047,0.02571636,0.01646979,0.01136517,0.00744605,0.00604288,0.00477106,0.00486536,0.0049939,0.00673579,0.01154907,0.0279513,0.03256474,0.66049118],[0.01811943,0.01707583,0.00796665,0.005282,0.00450028,0.00524709,0.00635276,0.00846711,0.0121779,0.01898263,0.02806853,0.04350137,0.05178614,0.04013586,0.02536254,0.0169769,0.01034481,0.00766793,0.00560595,0.00565444,0.00489211,0.005701,0.008954,0.02119009,0.02350424,0.59648241],[0.02920732,0.02745945,0.00801573,0.00418612,0.00315904,0.00299918,0.00311448,0.00384871,0.00500099,0.00739255,0.01171872,0.01931286,0.02555172,0.01907166,0.01133746,0.00800441,0.0048383,0.00393218,0.00292773,0.00314206,0.00283932,0.00418895,0.0089077,0.03223338,0.03487675,0.71273328],[0.02354692,0.02230387,0.00804165,0.00443977,0.00337385,0.00357324,0.00410992,0.00526494,0.00753361,0.01146429,0.01787682,0.02763244,0.0344321,0.02873549,0.01779515,0.0120296,0.00709133,0.00567752,0.00412689,0.00416931,0.00375249,0.00474099,0.00899303,0.02789336,0.03113356,0.67026784],[0.02297203,0.02127656,0.00884459,0.00524181,0.00407778,0.00420092,0.00463047,0.00580696,0.00774873,0.01141235,0.01746487,0.02669356,0.03309061,0.02903995,0.01976068,0.01371769,0.0087449,0.00662208,0.00490975,0.00443036,0.00418773,0.00565963,0.00953509,0.02564095,0.02991737,0.66437257],[0.03011142,0.02627748,0.0124912,0.00742176,0.00534877,0.00474274,0.00470758,0.00542055,0.00703988,0.00953969,0.01372719,0.02097022,0.02638394,0.02197864,0.01479714,0.01082841,0.00753213,0.00633912,0.00547085,0.00544546,0.0058122,0.00768303,0.01253418,0.02944631,0.03543968,0.66251042],[0.02068294,0.01989691,0.00850564,0.00543235,0.00420016,0.00441366,0.00495364,0.00643188,0.00876701,0.0125124,0.01826069,0.02978504,0.04125578,0.03212017,0.01994956,0.0137781,0.00906859,0.00710686,0.00521693,0.00491152,0.00483109,0.00595509,0.00993888,0.02470598,0.02766629,0.64965284],[0.02966016,0.02418342,0.01203826,0.00771553,0.00578991,0.00532803,0.00528486,0.00606539,0.00750789,0.01022022,0.01501305,0.02261003,0.02771466,0.02409982,0.01616157,0.01180801,0.0076614,0.0065581,0.00560831,0.00580498,0.00597013,0.00800472,0.01287498,0.02902491,0.0346243,0.65266737],[0.02793604,0.02255742,0.01174012,0.00790683,0.00661959,0.0062008,0.00603035,0.00703514,0.0088824,0.01204204,0.01787193,0.02634364,0.03082217,0.02584287,0.01743121,0.01316857,0.00905202,0.00737684,0.00606282,0.0061943,0.00583881,0.00738739,0.01191786,0.02681519,0.03162974,0.63929389],[0.02346803,0.0207887,0.00878034,0.00545342,0.00431755,0.00437481,0.00480376,0.00615618,0.00853359,0.01238524,0.01900577,0.02904066,0.03719685,0.03000579,0.01985585,0.01359295,0.00891308,0.00674546,0.00515774,0.00483812,0.00457627,0.00561167,0.00957993,0.02514477,0.02921193,0.65246154],[0.02799641,0.02228855,0.01207834,0.00812704,0.00619495,0.00587148,0.00609528,0.00705192,0.00914887,0.01262813,0.0185134,0.02874554,0.03651839,0.03089391,0.02001105,0.01448624,0.01012808,0.00809319,0.0066833,0.00655855,0.00684003,0.00840099,0.01243693,0.02571765,0.03179663,0.61669516],[0.02777883,0.02379743,0.0093686,0.00571898,0.00412268,0.00396267,0.00414301,0.00494892,0.00650456,0.00917114,0.01382145,0.02196888,0.03079806,0.02525888,0.0161129,0.01228829,0.00805913,0.00707983,0.00525449,0.00536793,0.00555042,0.00778567,0.01319963,0.03233657,0.04355139,0.65204965],[0.02523558,0.02111772,0.01047042,0.00671373,0.00544293,0.00532476,0.00555143,0.00677839,0.00873142,0.01289016,0.0200052,0.03305143,0.04494724,0.03513303,0.02196864,0.01577883,0.01030544,0.00834423,0.00634512,0.00632729,0.00615636,0.00759141,0.01175535,0.02507357,0.03045482,0.6085055,],[0.02877822,0.02557378,0.00944804,0.00529185,0.00384379,0.00354046,0.00365625,0.00427107,0.00560425,0.00772889,0.01154089,0.01892378,0.02821834,0.0216528,0.01312291,0.00967145,0.00675807,0.00580586,0.00473787,0.00495401,0.00502031,0.00697875,0.01232055,0.03265379,0.04057476,0.67932929],[0.02716265,0.02416273,0.01011362,0.00556765,0.00406079,0.00369429,0.00380578,0.00466519,0.00623387,0.00888826,0.0131461,0.01938218,0.02365437,0.02011077,0.01338289,0.00962789,0.00617315,0.00500575,0.00385767,0.00389907,0.00373734,0.00522433,0.00979789,0.02835765,0.03214521,0.70414292],[0.02730491,0.02514875,0.01232353,0.00729039,0.00543499,0.00510472,0.00524223,0.00633726,0.00827366,0.01132645,0.01612727,0.02213175,0.02586328,0.02285759,0.0170195,0.01255711,0.00865919,0.00688038,0.00553168,0.00523469,0.00532448,0.00707691,0.01191352,0.02814377,0.03151175,0.65938025],[0.02510284,0.02337467,0.00982219,0.00635286,0.00500584,0.0049452,0.00528304,0.00664955,0.00882059,0.01243935,0.01823673,0.02661878,0.0309013,0.02627553,0.01778086,0.01219572,0.00785905,0.0062998,0.00465393,0.00457055,0.00426412,0.00578114,0.0104957,0.02853211,0.03239558,0.65534298],[0.02917903,0.02517017,0.01083819,0.0067757,0.00506515,0.00449423,0.00460283,0.00526994,0.00662144,0.00911257,0.01314448,0.01943658,0.02417017,0.02065511,0.01381115,0.0102819,0.00714405,0.00623004,0.00507003,0.00531205,0.00552127,0.00728678,0.01195033,0.03046094,0.03777165,0.67462425],[0.03152267,0.02517293,0.01378454,0.00857383,0.00626022,0.00551928,0.00546531,0.00637577,0.00768432,0.01038396,0.01450898,0.02183775,0.02813098,0.02404724,0.0163953,0.01238012,0.00870399,0.00747925,0.00620879,0.00638339,0.0067618,0.00879034,0.0134436,0.02795448,0.03419628,0.64203489]]
		# labels =[]

		# for d in data:
		# 	datas.append(d)

		# for l in label:
		# 	labels.append(l)
		# print(data)
		# print(labels)

		# training
		lb = LabelEncoder()
		# encoded_data = lb.fit_transform(data)
		# encoded_label = lb.fit_transform(label)
		# print(encoded_data)
		model = LinearSVC(C=100.0, random_state=42)
		model.fit(datas, np.ravel(label,order='C'))

		testing = []
		# # testing
		# with open('testing_data.csv','r') as csvfile:
		# 	testing = [list(map(float, row)) for row in csv.reader(csvfile)]

		# encoded_data_testing = lb.fit_transform(testing)
		for x in testingArray:
			itemdata = x
		testing.append(x)

		prediction = model.predict(testing)[0]

		if prediction==1.0:
			# print("Cowo")
			return "Laki-laki"
		else:
			# print("Cewe")
			return "Perempuan"
		# print(prediction)